$ANSIBLE_VAULT;1.1;AES256
61663130663036306361663263356165313835313563386131306335343632666339396335316161
3732393761363662636333336231336562353064313837380a396464623461663136383433366365
64343838653262333038316631616463336466616464333862316661633932643462346566346334
6536396662313063380a636337343563386264666533643263366637393837343339326139356366
36623437343866666437623636313038663762626131323966623533306663333137393164323837
62303434633564626336356538336630666361343834653461383263646332356332303838336463
35626637313133386264356131656138613361633634613365656639333839383332396531643236
33616339393563353538643531666163643837373437633566343165616530376434356363656231
61313362353431383037373261373432393133316439623937383331616363303438303730663936
62336463656534393164623737366233313464323033386462623365356463643239333166613766
61373631616231373736373661386361643434653739393430383836323838323233363337303036
34303162303864666338663162643263373633663435343830336338636633623862633564626561
62336637636235373865323530663264303463386363323663353238343561616162353163333832
37633562313066333661393361343635373566393434633537636132303433306263643661343234
65653335343638623231613631613266313765343932386361333930323164326434656464646464
62306639346664353535623962343231393932616162623335316462363437393738656534303931
31343632626636663830613630366137616235363330313339333065633865303633343835323965
66656334663965643630663338336631376533303333366564633231653831313838623632656564
64613138663735663531336631613361623066316366316138616331393066323138356362376430
32303435393361656539626133353164326633626339323361313433383461303764393734336131
36663932396438393838303335313436613032386433633039616262363935626438646636383531
66303437623137303666623135643766653066646136343139643435343965613838363165663666
32333230386363356463636632356165376666313832396536396365386562663232613136373434
34346366323033356464653264376337303138313262393334636333626330626563636566326161
35613137656561343736306531386366323231643434346230336336626365626164366138353434
3664376162366466643263353738663163323930333632623363
